timestamp_ms,actual,prediction,persistence,seasonal_daily
1387148400000,462.173311427426,490.35867390455854,457.67135319533,1046.4762490420526
1387149000000,461.9153486136002,478.15315742809736,462.173311427426,970.3632152877084
1387149600000,435.48912948683255,473.91914137635655,461.9153486136002,996.8912207761168
1387150200000,406.7890237728026,452.6126799018716,435.48912948683255,968.5133393306362
1387150800000,426.6618475329531,429.3789915004637,406.7890237728026,903.3360808993912
1387151400000,370.37709169191487,436.2403826129092,426.6618475329531,854.3590861143754
1387152000000,363.6306908252464,396.3735306720174,370.37709169191487,905.1605522212204
1387152600000,333.02535663690986,368.42425895955427,363.6306908252464,760.4463799075329
1387153200000,327.3022091617403,341.31014667597236,333.02535663690986,681.4112456950652
1387153800000,361.399839223096,322.1889708270845,327.3022091617403,669.838355933901
1387154400000,353.8858284044386,341.88548260993684,361.399839223096,607.1664671883531
1387155000000,303.0776686568277,343.41620483876477,353.8858284044386,555.6904386935992
1387155600000,300.97443177858804,302.82904820633104,303.0776686568277,576.3618976872115
1387156200000,265.04524223374153,294.32117202440713,300.97443177858804,512.3059398701851
1387156800000,262.7939824099024,261.3605567650678,265.04524223374153,451.2483200587973
1387157400000,268.635330582678,254.98812761253913,262.7939824099024,478.5189654859471
1387158000000,247.12104933327052,264.60310926538676,268.635330582678,388.2757174671716
1387158600000,254.47166549925308,243.53814284866664,247.12104933327052,371.9009965915603
1387159200000,252.28100819341657,258.2355958199928,254.47166549925308,372.1923603879414
1387159800000,236.70103598833717,248.6773166155052,252.28100819341657,345.4847930078948
1387160400000,235.0165066579948,241.62982894182838,236.70103598833717,372.7741559196188
1387161000000,245.38077296479833,239.76114605466228,235.0165066579948,329.904342834519
1387161600000,260.29481101160917,240.20225419267308,245.38077296479833,282.2894558508488
1387162200000,246.5582151380424,260.5045868915883,260.29481101160917,324.15051476233333
1387162800000,250.36840111426108,249.10111403139874,246.5582151380424,293.6527414960143
1387163400000,230.4472186561684,255.78302866629355,250.36840111426108,265.1941105478982
1387164000000,236.89462028926636,250.50302576981585,230.4472186561684,320.80995501290346
1387164600000,242.24166706990823,246.7109063763025,236.89462028926636,268.93442740370335
1387165200000,228.12882307792017,243.91842106771097,242.24166706990823,203.3980310490125
1387165800000,234.43016347481267,243.07519892478297,228.12882307792017,243.71797519288307
1387166400000,219.7426088676818,241.79483136726873,234.43016347481267,221.30834896420157
1387167000000,223.9334670653257,233.73381599048454,219.7426088676818,186.5038957488416
1387167600000,213.89617434373892,237.50239483021826,223.9334670653257,222.253068149673
1387168200000,192.4353977152186,229.28650942674673,213.89617434373892,199.64103212997415
1387168800000,213.95059804513025,210.71643027747447,192.4353977152186,171.95265780732393
1387169400000,211.9827218960262,231.66231946541834,213.95059804513025,200.4056745995375
1387170000000,215.5302998194594,233.54789409146076,211.9827218960262,200.82597645656784
1387170600000,228.09401206621425,238.73703733776995,215.5302998194594,156.36354254833444
1387171200000,227.568993221091,254.0081012690951,228.09401206621425,193.049651273439
1387171800000,220.4379967140943,254.24841178493378,227.568993221091,215.2244963770877
1387172400000,227.32527603793457,248.73815044639412,220.4379967140943,188.09341580570995
1387173000000,242.54851314128507,259.72941269564944,227.32527603793457,220.70962427228903
1387173600000,240.65643783220403,265.4488694340097,242.54851314128507,206.39031378654067
1387174200000,258.29179330651175,269.29428763994326,240.65643783220403,177.39467700546652
1387174800000,259.96452966434043,291.1923327047051,258.29179330651175,223.71878633349823
1387175400000,276.5631707534405,289.2149702618746,259.96452966434043,245.72795751125605
1387176000000,283.30431512912855,308.9637711867901,276.5631707534405,189.94679354015537
1387176600000,326.09219839403295,317.036485234109,283.30431512912855,238.24022590253048
1387177200000,358.24586555047307,348.02450849840307,326.09219839403295,236.420298987079
1387177800000,350.2823191630085,374.91017791314397,358.24586555047307,231.57195498565503
1387178400000,407.73456561091183,374.3998633372028,350.2823191630085,274.23073978543596
1387179000000,435.03372292978224,413.7331899357104,407.73456561091183,272.7949803785705
1387179600000,385.27995242306326,439.15200191003737,435.03372292978224,249.6983506813568
1387180200000,460.18610329648527,425.37683428951834,385.27995242306326,296.54101933016716
1387180800000,458.02913092606383,469.0613445760873,460.18610329648527,264.8626423928573
1387181400000,434.12390144854413,471.76265143387633,458.02913092606383,280.38218221974734
1387182000000,495.01060057839953,470.23500450640546,434.12390144854413,335.40511340919045
1387182600000,480.8553231179814,498.14968849382007,495.01060057839953,456.98678940448826
1387183200000,438.1200861249415,500.15663461090134,480.8553231179814,330.37199761645996
1387183800000,413.765725334849,485.32084219793956,438.1200861249415,345.52774454560586
1387184400000,431.3169183070577,458.25860329505406,413.765725334849,350.2004261987866
1387185000000,401.27200251176686,456.20381062578326,431.3169183070577,329.86844260249586
1387185600000,419.2992953752783,440.58186274125904,401.27200251176686,356.8799622834405
1387186200000,397.1480828080845,440.5347804521826,419.2992953752783,446.3762329529981
1387186800000,355.0055282193121,435.036331251688,397.1480828080845,381.7781829518465
1387187400000,408.74843209674054,399.09575725373594,355.0055282193121,427.70778192914435
1387188000000,411.1566639047681,439.6741103499144,408.74843209674054,448.3135151976134
1387188600000,401.4777471854707,451.31660271702395,411.1566639047681,486.1535571080081
1387189200000,429.5959208388568,444.52298568034377,401.4777471854707,500.4511599108373
1387189800000,419.5299959221754,461.30772236778745,429.5959208388568,482.9102522944215
1387190400000,395.6921091948514,471.0208826104078,419.5299959221754,464.7247746779035
1387191000000,449.9056450719853,454.16450604543735,395.6921091948514,486.74105348811537
1387191600000,491.0842254505228,487.43517082882124,449.9056450719853,555.2507214073312
1387192200000,456.56419853890304,506.53191259957066,491.0842254505228,622.8405166059371
1387192800000,444.7320453429784,511.0463152381218,456.56419853890304,576.4086620759053
1387193400000,434.56493233621177,497.7247287536229,444.7320453429784,648.1471485714047
1387194000000,425.23461019263806,489.9573655027157,434.56493233621177,655.5181859395414
1387194600000,433.6063479007971,478.9114175962025,425.23461019263806,640.6257093113444
1387195200000,417.8902194345789,488.10403619425415,433.6063479007971,626.6561693140493
1387195800000,456.408232327631,467.6366908396082,417.8902194345789,651.944168401817
1387196400000,461.07317771104096,500.46544897191814,456.408232327631,642.4587622715021
1387197000000,424.7634265126895,506.40363349107025,461.07317771104096,620.4544964100559
1387197600000,484.8032195633722,477.5250537099551,424.7634265126895,612.0485828177198
1387198200000,453.8660129637603,512.2086684769464,484.8032195633722,685.3827552061178
1387198800000,490.6193311552209,494.32635537098685,453.8660129637603,665.6866862596546
1387199400000,503.7356052218764,513.6914289335411,490.6193311552209,714.215010315098
1387200000000,464.3949203027886,523.3427676974624,503.7356052218764,779.4580215921208
1387200600000,458.2860749865079,504.696598006646,464.3949203027886,706.5967366011361
1387201200000,455.39898720525383,510.321132054379,458.2860749865079,754.8564114757377
1387201800000,486.5452137894783,503.6201480939257,455.39898720525383,714.4336610571406
1387202400000,489.7016401202571,509.3314534135017,486.5452137894783,744.6212695951037
1387203000000,532.7477907823442,515.1354265124689,489.7016401202571,705.3313332150943
1387203600000,552.6228699403177,541.3465418504594,532.7477907823442,670.8242123716983
1387204200000,505.5834056563927,550.9761235432993,552.6228699403177,710.1926699772696
1387204800000,508.7231098228382,551.4504710860801,505.5834056563927,645.7092658147853
1387205400000,463.7779702345371,547.475448232262,508.7231098228382,670.1888623825797
1387206000000,407.81774830102535,512.1394852797032,463.7779702345371,708.4748502324076
1387206600000,460.2906132887915,462.7652428078613,407.81774830102535,699.9157406507773
1387207200000,450.7974242972782,491.93618595114503,460.2906132887915,725.8343480608381
1387207800000,501.7244697065781,489.22907636637,450.7974242972782,703.4633315546761
1387208400000,480.758950406669,522.5963836164901,501.7244697065781,665.561341073621
1387209000000,475.3214561441116,523.3486377540811,480.758950406669,650.0063615975932
1387209600000,442.7275568771337,512.597052762764,475.3214561441116,674.7799079038792
1387210200000,458.023112513927,498.4816157150243,442.7275568771337,654.4077061357666
1387210800000,515.6282969591954,494.4343788408313,458.023112513927,668.4780299669127
1387211400000,472.4184579561195,512.7232545492985,515.6282969591954,713.4568273699942
1387212000000,499.9978613276013,516.9135636995277,472.4184579561195,686.672135813071
1387212600000,511.6796993241298,542.0789083857068,499.9978613276013,682.6627513800206
1387213200000,520.3439540255953,540.1200603470791,511.6796993241298,665.0905345292722
1387213800000,521.4861072189523,551.9748248446871,520.3439540255953,614.8303055027716
1387214400000,570.7010803231324,555.6965716964913,521.4861072189523,672.6114601246511
1387215000000,571.6877821293718,567.9487998494233,570.7010803231324,657.8998448494382
1387215600000,558.2685854102427,589.2392309513933,571.6877821293718,606.5196211601614
1387216200000,521.9968099664706,606.5737001563365,558.2685854102427,691.1069550456314
1387216800000,522.4750644228998,581.2374029230135,521.9968099664706,623.5946189729048
1387217400000,597.315843990974,567.8662921450677,522.4750644228998,644.0504781541856
1387218000000,563.3135581520951,605.5580782210155,597.315843990974,644.6473614399631
1387218600000,593.2625326129421,583.7608428505814,563.3135581520951,610.0556770834755
1387219200000,541.2987359624613,612.4263643237575,593.2625326129421,587.0729204087305
1387219800000,567.2979227353442,590.9910615545023,541.2987359624613,702.845816825716
1387220400000,563.3827759192724,599.1881300259936,567.2979227353442,631.8316711806723
1387221000000,523.1998463855634,607.9655815528173,563.3827759192724,687.7792341428469
1387221600000,582.3668247926443,564.4440022693525,523.1998463855634,701.5158636272606
1387222200000,569.6861744534251,572.9412438142507,582.3668247926443,666.3717053028731
1387222800000,608.3081055574403,577.580994666743,569.6861744534251,637.4008000139099
1387223400000,597.3651954812522,602.6576715402589,608.3081055574403,706.6141437295523
1387224000000,570.0762736817359,608.3604442758078,597.3651954812522,675.4498120723632
1387224600000,593.5653924483964,600.4425647278784,570.0762736817359,657.7308121653529
1387225200000,610.3119090592022,606.138865425081,593.5653924483964,648.3488733983392
1387225800000,609.5723698867258,606.6403981243725,610.3119090592022,643.3543912036362
1387226400000,557.4148187955025,604.2519820464548,609.5723698867258,707.7043594905206
1387227000000,610.1855342246291,579.0033331235054,557.4148187955025,734.9864576104427
1387227600000,598.4298939534449,602.0202939368484,610.1855342246291,644.8168146058749
1387228200000,584.5609644050611,592.1661462613367,598.4298939534449,751.8154925776604
1387228800000,584.9660776754097,578.5587175483716,584.5609644050611,699.3524317323793
1387229400000,585.6679987582288,562.5019682546333,584.9660776754097,701.1958676357848
1387230000000,561.8521275423071,570.869554010304,585.6679987582288,687.9513675930825
1387230600000,548.7748815944597,563.3276500604651,561.8521275423071,643.7293528412924
1387231200000,534.2439554467642,546.9759772947236,548.7748815944597,585.1208072423556
1387231800000,543.8779589188415,529.4895365968191,534.2439554467642,576.7672082180079
1387232400000,568.484287986131,523.7460276139099,543.8779589188415,527.2363695370418
1387233000000,523.1792789189889,521.8159835427716,568.484287986131,532.9654617124014
1387233600000,522.9106253334321,509.3016000478341,523.1792789189889,499.1709851748138
1387234200000,486.06656481215344,507.85949122393504,522.9106253334321,457.67135319533
1387234800000,522.3951938995534,491.00739838072644,486.06656481215344,462.173311427426
1387235400000,472.9438680770117,497.2844990142995,522.3951938995534,461.9153486136002
1387236000000,433.27839566318335,466.0533160330969,472.9438680770117,435.48912948683255
1387236600000,414.8725125910151,436.70431924907507,433.27839566318335,406.7890237728026
1387237200000,717.7689068293504,419.1229264856684,414.8725125910151,426.6618475329531
1387237800000,348.8605951458994,524.8168499445848,717.7689068293504,370.37709169191487
1387238400000,389.36476056042176,360.5170234829966,348.8605951458994,363.6306908252464
1387239000000,387.905585348342,364.81741444530945,389.36476056042176,333.02535663690986
1387239600000,328.9966434671492,378.27262312147434,387.905585348342,327.3022091617403
1387240200000,378.0373751472795,327.31805555363604,328.9966434671492,361.399839223096
1387240800000,383.9395198533786,364.2151972603166,378.0373751472795,353.8858284044386
1387241400000,302.42989056766646,339.27009388902314,383.9395198533786,303.0776686568277
1387242000000,326.24923110970286,312.133942539102,302.42989056766646,300.97443177858804
1387242600000,306.42955430551746,345.6523339844587,326.24923110970286,265.04524223374153
1387243200000,282.36881270951403,296.76810678049304,306.42955430551746,262.7939824099024
1387243800000,300.8596028196421,289.17326751298083,282.36881270951403,268.635330582678
1387244400000,277.71946990447407,292.34335411663915,300.8596028196421,247.12104933327052
1387245000000,254.7438111268442,263.33164107756977,277.71946990447407,254.47166549925308
1387245600000,255.46208372860912,270.0368857346933,254.7438111268442,252.28100819341657
1387246200000,253.66630417376723,266.43243971615794,255.46208372860912,236.70103598833717
1387246800000,255.3565440878785,257.01987892657485,253.66630417376723,235.0165066579948
1387247400000,244.61712328768593,267.2997184500611,255.3565440878785,245.38077296479833
1387248000000,237.7504125900086,250.96964852190834,244.61712328768593,260.29481101160917
1387248600000,244.94366549603387,238.69897628496253,237.7504125900086,246.5582151380424
1387249200000,231.99746674235357,252.31829308621332,244.94366549603387,250.36840111426108
1387249800000,261.1425733542666,261.2645165317823,231.99746674235357,230.4472186561684
1387250400000,235.80941716751855,258.04277586700766,261.1425733542666,236.89462028926636
1387251000000,219.08238969789727,240.20176354965966,235.80941716751855,242.24166706990823
1387251600000,231.4994023357911,227.06092964159234,219.08238969789727,228.12882307792017
1387252200000,219.53045450607223,233.4236697470231,231.4994023357911,234.43016347481267
1387252800000,199.80605794775548,230.31857668319626,219.53045450607223,219.7426088676818
1387253400000,216.82399512096944,226.9195852457291,199.80605794775548,223.9334670653257
1387254000000,212.64561485992223,229.39306498333517,216.82399512096944,213.89617434373892
1387254600000,212.4084677691459,225.97170662627965,212.64561485992223,192.4353977152186
1387255200000,221.0124504968964,229.60575437498085,212.4084677691459,213.95059804513025
1387255800000,203.81436289582743,235.4681914255463,221.0124504968964,211.9827218960262
1387256400000,228.87701760067145,223.53722895417704,203.81436289582743,215.5302998194594
1387257000000,232.6563994313731,237.79065953029792,228.87701760067145,228.09401206621425
1387257600000,231.0790267668139,248.4698521520152,232.6563994313731,227.568993221091
1387258200000,226.99259186894892,253.45223195175043,231.0790267668139,220.4379967140943
1387258800000,259.8910579339724,255.64274407536982,226.99259186894892,227.32527603793457
1387259400000,246.7761440600288,270.08849522034933,259.8910579339724,242.54851314128507
1387260000000,220.685871432575,284.7278461779487,246.7761440600288,240.65643783220403
1387260600000,256.28167770429906,262.01982147529964,220.685871432575,258.29179330651175
1387261200000,280.2263634324842,289.28162429853734,256.28167770429906,259.96452966434043
1387261800000,302.37141016353223,298.1944363237196,280.2263634324842,276.5631707534405
1387262400000,342.5628573589613,331.3383500896797,302.37141016353223,283.30431512912855
1387263000000,338.2692937191726,355.6120288067152,342.5628573589613,326.09219839403295
1387263600000,356.9532638739954,371.45697682464134,338.2692937191726,358.24586555047307
1387264200000,390.7684054656123,382.3760162543665,356.9532638739954,350.2823191630085
1387264800000,385.6229826793232,414.6176772399043,390.7684054656123,407.73456561091183
1387265400000,380.6658649870636,418.6834799632587,385.6229826793232,435.03372292978224
1387266000000,441.4868383917756,419.37372784106753,380.6658649870636,385.27995242306326
1387266600000,388.9173665762757,460.7673273596711,441.4868383917756,460.18610329648527
1387267200000,409.0630111927615,431.59758050449835,388.9173665762757,458.02913092606383
1387267800000,459.9171126764286,438.64826586195096,409.0630111927615,434.12390144854413
1387268400000,405.03426116702747,461.37325343303564,459.9171126764286,495.01060057839953
1387269000000,426.2109788920687,446.40208190677356,405.03426116702747,480.8553231179814
1387269600000,450.7082264401544,452.78889217637044,426.2109788920687,438.1200861249415
1387270200000,398.68167154695584,458.4410946347345,450.7082264401544,413.765725334849
1387270800000,391.3838717926509,433.2344745865066,398.68167154695584,431.3169183070577
1387271400000,435.1796768431941,427.4001033295161,391.3838717926509,401.27200251176686
1387272000000,381.94233628055105,435.2256419373134,435.1796768431941,419.2992953752783
1387272600000,383.426858641593,417.32569428226003,381.94233628055105,397.1480828080845
1387273200000,429.32522534163166,418.1895997304602,383.426858641593,355.0055282193121
1387273800000,409.2850097979562,416.42392205031086,429.32522534163166,408.74843209674054
1387274400000,418.8083418464117,427.80804294004605,409.2850097979562,411.1566639047681
1387275000000,449.4123255773753,442.8990400885992,418.8083418464117,401.4777471854707
1387275600000,463.3738485970509,450.00014139854613,449.4123255773753,429.5959208388568
1387276200000,521.8664250205819,470.1589008965504,463.3738485970509,419.5299959221754
1387276800000,449.1862463939297,505.32677124250574,521.8664250205819,395.6921091948514
1387277400000,440.6083824716367,473.12157010913967,449.1862463939297,449.9056450719853
1387278000000,485.6766259884324,473.9351418100156,440.6083824716367,491.0842254505228
1387278600000,455.7439423150496,503.5128820156541,485.6766259884324,456.56419853890304
1387279200000,430.7126163153313,482.2391930169539,455.7439423150496,444.7320453429784
1387279800000,468.6620334332438,468.868618360009,430.7126163153313,434.56493233621177
1387280400000,464.1961759387452,483.2610219662638,468.6620334332438,425.23461019263806
1387281000000,449.5370465309225,478.46942937960216,464.1961759387452,433.6063479007971
1387281600000,515.0574360510091,486.14278993912563,449.5370465309225,417.8902194345789
1387282200000,525.5153113374748,506.3507395406941,515.0574360510091,456.408232327631
1387282800000,505.7153707713604,511.1835356721916,525.5153113374748,461.07317771104096
1387283400000,455.9455934300371,528.8450990886212,505.7153707713604,424.7634265126895
1387284000000,481.3140884332263,488.474989487166,455.9455934300371,484.8032195633722
1387284600000,494.0400291552652,494.69449099822873,481.3140884332263,453.8660129637603
1387285200000,494.52424569706506,507.45563660765777,494.0400291552652,490.6193311552209
1387285800000,540.7431600688227,499.02852292637414,494.52424569706506,503.7356052218764
1387286400000,496.97480040560214,522.9937589762934,540.7431600688227,464.3949203027886
1387287000000,558.8016710694244,509.382993993859,496.97480040560214,458.2860749865079
1387287600000,502.4312831252434,543.1972532685211,558.8016710694244,455.39898720525383
1387288200000,525.1642770840607,522.3508349746087,502.4312831252434,486.5452137894783
1387288800000,486.81452846361015,525.141508500912,525.1642770840607,489.7016401202571
1387289400000,474.47894055709577,500.58611869645927,486.81452846361015,532.7477907823442
1387290000000,503.0339409713979,492.44400365218854,474.47894055709577,552.6228699403177
1387290600000,563.8130564633162,502.8309216504331,503.0339409713979,505.5834056563927
1387291200000,651.6602330468389,520.5705103817733,563.8130564633162,508.7231098228382
1387291800000,613.9459915748547,570.9075169823858,651.6602330468389,463.7779702345371
1387292400000,630.8599607006668,581.7918243995617,613.9459915748547,407.81774830102535
1387293000000,574.4087917285008,591.6450253979324,630.8599607006668,460.2906132887915
1387293600000,584.8152107958856,575.4262095170063,574.4087917285008,450.7974242972782
1387294200000,577.2193807250683,572.751578784472,584.8152107958856,501.7244697065781
1387294800000,601.4990298954551,569.2322877532665,577.2193807250683,480.758950406669
1387295400000,575.2766674449442,598.3162255493705,601.4990298954551,475.3214561441116
1387296000000,614.2516714688406,586.2763842036723,575.2766674449442,442.7275568771337
1387296600000,614.5733116060037,605.3826786633597,614.2516714688406,458.023112513927
1387297200000,529.8782802694345,595.8206127076883,614.5733116060037,515.6282969591954
1387297800000,542.1734527437945,571.6423565023447,529.8782802694345,472.4184579561195
1387298400000,514.0098380384529,569.0740894167682,542.1734527437945,499.9978613276013
1387299000000,506.9122186385033,549.5924681959236,514.0098380384529,511.6796993241298
1387299600000,579.6077787075699,542.4152093611596,506.9122186385033,520.3439540255953
1387300200000,540.1198934955204,571.8999902401627,579.6077787075699,521.4861072189523
1387300800000,569.3334223424924,554.5564464969242,540.1198934955204,570.7010803231324
1387301400000,519.8288260154848,574.601954618646,569.3334223424924,571.6877821293718
1387302000000,542.2232907781191,555.0345946006898,519.8288260154848,558.2685854102427
1387302600000,597.5595145828182,550.7900241384096,542.2232907781191,521.9968099664706
1387303200000,648.3133968933431,582.3117309219296,597.5595145828182,522.4750644228998
1387303800000,607.6533531196646,611.7392887695638,648.3133968933431,597.315843990974
1387304400000,657.3310019774119,606.4926800973944,607.6533531196646,563.3135581520951
1387305000000,672.6922497285018,643.9278428358714,657.3310019774119,593.2625326129421
1387305600000,682.4805655308248,634.8782619965682,672.6922497285018,541.2987359624613
1387306200000,621.9195903613949,670.9800457783224,682.4805655308248,567.2979227353442
1387306800000,694.6891499654495,650.899372465887,621.9195903613949,563.3827759192724
1387307400000,706.7257115178738,679.9499455587112,694.6891499654495,523.1998463855634
1387308000000,778.5899984517836,688.5363690190945,706.7257115178738,582.3668247926443
1387308600000,856.9403975738924,740.9509870687269,778.5899984517836,569.6861744534251
1387309200000,726.2475281452449,763.1904662384432,856.9403975738924,608.3081055574403
1387309800000,784.6139464654435,753.182373115948,726.2475281452449,597.3651954812522
1387310400000,757.8934730170579,797.3468499459733,784.6139464654435,570.0762736817359
1387311000000,802.3583834589549,769.7963708518357,757.8934730170579,593.5653924483964
1387311600000,796.1235404438161,781.9105952204295,802.3583834589549,610.3119090592022
1387312200000,773.6260765507227,813.920192284026,796.1235404438161,609.5723698867258
1387312800000,734.6226744481526,785.2848413898951,773.6260765507227,557.4148187955025
1387313400000,709.8821378486526,759.6939844914875,734.6226744481526,610.1855342246291
1387314000000,746.9247714345729,747.1994634406936,709.8821378486526,598.4298939534449
1387314600000,771.5536166973652,749.5223566358363,746.9247714345729,584.5609644050611
1387315200000,672.3411190472212,745.8441020794453,771.5536166973652,584.9660776754097
1387315800000,697.9674901718241,702.4434578381148,672.3411190472212,585.6679987582288
1387316400000,741.791560017201,692.3673429245097,697.9674901718241,561.8521275423071
1387317000000,735.2937318135617,684.675032459828,741.791560017201,548.7748815944597
1387317600000,698.6623404781624,698.7024728108762,735.2937318135617,534.2439554467642
1387318200000,733.1980566605648,690.1641534130379,698.6623404781624,543.8779589188415
1387318800000,753.3095253928735,683.037286244305,733.1980566605648,568.484287986131
1387319400000,675.3309491265936,689.3485039695337,753.3095253928735,523.1792789189889
1387320000000,601.7656719349488,660.2071202386542,675.3309491265936,522.9106253334321
1387320600000,615.0544099962425,617.3565027378663,601.7656719349488,486.06656481215344
1387321200000,611.1582006411121,617.6706283247185,615.0544099962425,522.3951938995534
1387321800000,562.4349288469011,590.1621068911121,611.1582006411121,472.9438680770117
1387322400000,475.7309708015447,548.821222258156,562.4349288469011,433.27839566318335
1387323000000,521.0316825593104,472.3199426548009,475.7309708015447,414.8725125910151
1387323600000,478.2405478590051,486.9240203583827,521.0316825593104,717.7689068293504
1387324200000,456.802154142148,472.8275978200952,478.2405478590051,348.8605951458994
1387324800000,403.4241226474422,446.48780687499715,456.802154142148,389.36476056042176
1387325400000,413.68645192346946,396.21251566807206,403.4241226474422,387.905585348342
1387326000000,354.89768334431926,404.7267885323562,413.68645192346946,328.9966434671492
1387326600000,342.2767403182218,355.34293993516246,354.89768334431926,378.0373751472795
1387327200000,330.2101831328642,338.8797314223478,342.2767403182218,383.9395198533786
1387327800000,307.27289138558245,317.55889510033245,330.2101831328642,302.42989056766646
1387328400000,301.65017007934176,291.54481635811663,307.27289138558245,326.24923110970286
1387329000000,292.6382767386301,293.49457525359713,301.65017007934176,306.42955430551746
1387329600000,280.1570221168059,293.44565997789937,292.6382767386301,282.36881270951403
1387330200000,267.46650365860893,270.2066370231169,280.1570221168059,300.8596028196421
1387330800000,260.8553031166018,261.2408895877166,267.46650365860893,277.71946990447407
1387331400000,240.2893100517734,266.76856548385035,260.8553031166018,254.7438111268442
1387332000000,260.9837632090698,245.70699079212986,240.2893100517734,255.46208372860912
1387332600000,241.95399257600917,256.1031708628784,260.9837632090698,253.66630417376723
1387333200000,239.9750485195744,249.34500381410732,241.95399257600917,255.3565440878785
1387333800000,237.3149590022701,249.75357196470378,239.9750485195744,244.61712328768593
1387334400000,247.6427332957072,245.9946121699947,237.3149590022701,237.7504125900086
1387335000000,219.3991873356529,246.58884855106302,247.6427332957072,244.94366549603387
1387335600000,258.7413288753189,230.76973939864118,219.3991873356529,231.99746674235357
1387336200000,217.8373803933752,253.07632128407135,258.7413288753189,261.1425733542666
1387336800000,233.2675153673548,227.50106809936887,217.8373803933752,235.80941716751855
1387337400000,234.93833985222832,236.20723027595466,233.2675153673548,219.08238969789727
1387338000000,206.07232609588635,239.89091267479913,234.93833985222832,231.4994023357911
1387338600000,215.07285784095316,215.65139332611096,206.07232609588635,219.53045450607223
1387339200000,204.97272018412133,219.11197660773783,215.07285784095316,199.80605794775548
1387339800000,213.79724165136167,215.12439254740258,204.97272018412133,216.82399512096944
1387340400000,201.24495497685967,220.79195972616026,213.79724165136167,212.64561485992223
1387341000000,217.47639457358224,215.97623816472588,201.24495497685967,212.4084677691459
1387341600000,206.1239795752998,220.77610484732492,217.47639457358224,221.0124504968964
1387342200000,201.40818922506023,212.7214546271797,206.1239795752998,203.81436289582743
1387342800000,226.19367592775373,216.22003214345622,201.40818922506023,228.87701760067145
1387343400000,231.6018129300334,229.94903271638898,226.19367592775373,232.6563994313731
1387344000000,203.22811614051164,248.0563226651408,231.6018129300334,231.0790267668139
1387344600000,251.8799245051761,228.11127768531145,203.22811614051164,226.99259186894892
1387345200000,216.6011499876289,261.2297112635989,251.8799245051761,259.8910579339724
1387345800000,223.54569694678517,251.20912880842968,216.6011499876289,246.7761440600288
1387346400000,266.7047051229702,254.2873275009844,223.54569694678517,220.685871432575
1387347000000,240.15982031088097,292.1592720785366,266.7047051229702,256.28167770429906
1387347600000,260.1102364807504,268.50002454977255,240.15982031088097,280.2263634324842
1387348200000,351.57884425838927,296.07773907474456,260.1102364807504,302.37141016353223
1387348800000,359.3256886327395,356.53219766338805,351.57884425838927,342.5628573589613
1387349400000,390.9544604925573,381.78475693107936,359.3256886327395,338.2692937191726
1387350000000,344.85855246183945,416.46874653381707,390.9544604925573,356.9532638739954
1387350600000,385.59510916025835,386.49400473234726,344.85855246183945,390.7684054656123
1387351200000,406.3650694693789,415.8244067981978,385.59510916025835,385.6229826793232
1387351800000,429.384501277769,440.267428478168,406.3650694693789,380.6658649870636
1387352400000,422.7293466701459,451.12824326690475,429.384501277769,441.4868383917756
1387353000000,437.6134400800509,450.3889974727582,422.7293466701459,388.9173665762757
1387353600000,447.9749588807961,465.62159208810755,437.6134400800509,409.0630111927615
1387354200000,375.1729173746905,477.26612709368675,447.9749588807961,459.9171126764286
1387354800000,416.1837017134689,422.745736130794,375.1729173746905,405.03426116702747
1387355400000,449.790020581036,434.2334243849777,416.1837017134689,426.2109788920687
1387356000000,450.2894213048024,454.1039577682308,449.790020581036,450.7082264401544
1387356600000,451.98959006948814,458.90560744677015,450.2894213048024,398.68167154695584
1387357200000,415.0632193471728,471.06532706899986,451.98959006948814,391.3838717926509
1387357800000,471.6131193465531,447.8946516897021,415.0632193471728,435.1796768431941
1387358400000,475.0469575313576,481.8292839354813,471.6131193465531,381.94233628055105
1387359000000,438.1190933324905,488.6882100490578,475.0469575313576,383.426858641593
1387359600000,452.3561564343367,470.0141357519241,438.1190933324905,429.32522534163166
1387360200000,447.59966669885233,472.67364796570877,452.3561564343367,409.2850097979562
1387360800000,432.17351912038384,476.9530831417234,447.59966669885233,418.8083418464117
1387361400000,473.3685701616529,464.74020384328423,432.17351912038384,449.4123255773753
1387362000000,480.7771291916956,483.09259684164556,473.3685701616529,463.3738485970509
1387362600000,429.60591250645086,483.55915023738044,480.7771291916956,521.8664250205819
1387363200000,490.2912910656063,479.7272122501032,429.60591250645086,449.1862463939297
1387363800000,475.7479595336726,507.94867784539144,490.2912910656063,440.6083824716367
1387364400000,512.2917700371157,495.0796646270564,475.7479595336726,485.6766259884324
1387365000000,480.24310057650183,524.1302795967471,512.2917700371157,455.7439423150496
1387365600000,453.3818365229453,518.3244566250858,480.24310057650183,430.7126163153313
1387366200000,417.3549043387354,501.27117215526954,453.3818365229453,468.6620334332438
1387366800000,485.6223756719809,470.2681123465479,417.3549043387354,464.1961759387452
1387367400000,447.5009085511185,500.2360832144003,485.6223756719809,449.5370465309225
1387368000000,509.5892470513815,486.6318938111283,447.5009085511185,515.0574360510091
1387368600000,497.132274233595,517.0968444978232,509.5892470513815,525.5153113374748
1387369200000,496.7346359959613,513.025958620802,497.132274233595,505.7153707713604
1387369800000,495.92696827662496,525.056165384389,496.7346359959613,455.9455934300371
1387370400000,526.5098826973248,526.5307165981582,495.92696827662496,481.3140884332263
1387371000000,486.7626506031144,523.7809660522747,526.5098826973248,494.0400291552652
1387371600000,516.838468131377,510.79407417184,486.7626506031144,494.52424569706506
1387372200000,494.90015886648376,525.2285943597095,516.838468131377,540.7431600688227
1387372800000,510.1653048786555,518.8210172496624,494.90015886648376,496.97480040560214
1387373400000,531.8371964850222,525.3149430546198,510.1653048786555,558.8016710694244
1387374000000,503.310313441545,536.6511656203066,531.8371964850222,502.4312831252434
1387374600000,459.23642130834736,526.4269726059738,503.310313441545,525.1642770840607
1387375200000,497.27670430457874,497.26873560888447,459.23642130834736,486.81452846361015
1387375800000,542.5419265767679,517.8762564591198,497.27670430457874,474.47894055709577
1387376400000,434.0030670579266,519.5332786580667,542.5419265767679,503.0339409713979
1387377000000,491.4044316829118,486.6244926865887,434.0030670579266,563.8130564633162
1387377600000,532.7048380850446,504.6734899104509,491.4044316829118,651.6602330468389
1387378200000,473.793334137249,516.9001772879254,532.7048380850446,613.9459915748547
1387378800000,482.9632886824664,505.72969735746386,473.793334137249,630.8599607006668
1387379400000,465.23320788765983,507.3918260512408,482.9632886824664,574.4087917285008
1387380000000,458.56826860834417,488.29265803719596,465.23320788765983,584.8152107958856
1387380600000,521.3161056179239,499.82376177240667,458.56826860834417,577.2193807250683
1387381200000,495.1496506100171,511.6692435878946,521.3161056179239,601.4990298954551
1387381800000,604.3989402975321,506.0073757534497,495.1496506100171,575.2766674449442
1387382400000,524.9424020272515,563.2088081564189,604.3989402975321,614.2516714688406
1387383000000,590.0272881231607,537.7313643914483,524.9424020272515,614.5733116060037
1387383600000,544.0445280497286,581.8689581594766,590.0272881231607,529.8782802694345
1387384200000,558.8424506568282,562.3057012980196,544.0445280497286,542.1734527437945
1387384800000,577.9956926186444,565.4715452575057,558.8424506568282,514.0098380384529
1387385400000,635.329259241057,588.063378699577,577.9956926186444,506.9122186385033
1387386000000,690.9079169932741,619.2482674960619,635.329259241057,579.6077787075699
1387386600000,592.6084153026952,660.8047771159547,690.9079169932741,540.1198934955204
1387387200000,578.6259194006225,636.3539101452245,592.6084153026952,569.3334223424924
1387387800000,624.7504997275349,635.3781395544311,578.6259194006225,519.8288260154848
1387388400000,612.874241796974,644.3188343070027,624.7504997275349,542.2232907781191
1387389000000,629.817029483286,635.9566411652602,612.874241796974,597.5595145828182
1387389600000,615.9168449417231,663.105073459116,629.817029483286,648.3133968933431
1387390200000,625.1919814628643,645.3932872787592,615.9168449417231,607.6533531196646
1387390800000,685.1199628734653,662.9962798637432,625.1919814628643,657.3310019774119
1387391400000,711.7585336222902,690.6735760593479,685.1199628734653,672.6922497285018
1387392000000,670.035445257445,712.9171713843599,711.7585336222902,682.4805655308248
1387392600000,662.9190953922255,691.012345358153,670.035445257445,621.9195903613949
1387393200000,689.252942183657,698.1341718387587,662.9190953922255,694.6891499654495
1387393800000,650.3041241869527,714.2193861991599,689.252942183657,706.7257115178738
1387394400000,724.940389235322,698.9662335619527,650.3041241869527,778.5899984517836
1387395000000,740.3118194240849,729.7534104183359,724.940389235322,856.9403975738924
1387395600000,864.306518730675,742.4738021988194,740.3118194240849,726.2475281452449
1387396200000,889.6766319185051,782.6706468434679,864.306518730675,784.6139464654435
1387396800000,865.9717800557885,818.4638938813957,889.6766319185051,757.8934730170579
1387397400000,832.2453952090876,834.6113903463158,865.9717800557885,802.3583834589549
1387398000000,826.2527759004385,850.7791552798884,832.2453952090876,796.1235404438161
1387398600000,908.8113038196408,867.5419490266592,826.2527759004385,773.6260765507227
1387399200000,907.1065602829314,892.0310284747922,908.8113038196408,734.6226744481526
1387399800000,926.0198480759047,888.838028483615,907.1065602829314,709.8821378486526
1387400400000,952.9996575114088,934.6921655807876,926.0198480759047,746.9247714345729
1387401000000,865.1980649991352,944.3035229441481,952.9996575114088,771.5536166973652
1387401600000,819.5645119130362,903.100404934438,865.1980649991352,672.3411190472212
1387402200000,836.25780785593,858.4860359608878,819.5645119130362,697.9674901718241
1387402800000,828.0269344647736,868.6812278083225,836.25780785593,741.791560017201
1387403400000,826.9651904944257,842.6222847302765,828.0269344647736,735.2937318135617
1387404000000,795.3643658657347,832.7188349608258,826.9651904944257,698.6623404781624
1387404600000,769.98233615689,801.8072150249754,795.3643658657347,733.1980566605648
1387405200000,825.0037467491468,774.1903577976676,769.98233615689,753.3095253928735
1387405800000,779.4574330559043,798.5141284477552,825.0037467491468,675.3309491265936
1387406400000,757.7577784985081,768.594301532772,779.4574330559043,601.7656719349488
1387407000000,644.847211250031,742.1574805706516,757.7577784985081,615.0544099962425
1387407600000,652.7716687870911,658.8762973630071,644.847211250031,611.1582006411121
1387408200000,605.0360417551316,657.1723536206177,652.7716687870911,562.4349288469011
1387408800000,589.0569508163323,601.3678112215317,605.0360417551316,475.7309708015447
1387409400000,588.6150506847148,585.5230481712213,589.0569508163323,521.0316825593104
1387410000000,471.39311930672574,554.3065637462382,588.6150506847148,478.2405478590051
1387410600000,505.7888663771212,473.97381684319424,471.39311930672574,456.802154142148
1387411200000,453.7603367939481,482.814117765671,505.7888663771212,403.4241226474422
1387411800000,475.9089991155312,443.6598910465726,453.7603367939481,413.68645192346946
1387412400000,378.7632463302603,431.5851122441933,475.9089991155312,354.89768334431926
1387413000000,384.6749286111653,374.83197835349944,378.7632463302603,342.2767403182218
1387413600000,332.8644883544529,368.09496492708325,384.6749286111653,330.2101831328642
1387414200000,338.1401085615215,327.3659622581089,332.8644883544529,307.27289138558245
1387414800000,318.74048976260644,333.73523995876883,338.1401085615215,301.65017007934176
1387415400000,308.44058898823425,297.9296968396328,318.74048976260644,292.6382767386301
1387416000000,300.5559810630314,295.45413402455017,308.44058898823425,280.1570221168059
1387416600000,270.9312934128242,294.193494223737,300.5559810630314,267.46650365860893
1387417200000,275.24824573719246,259.6462249008613,270.9312934128242,260.8553031166018
1387417800000,274.17539700354047,266.7324900838111,275.24824573719246,240.2893100517734
1387418400000,276.37575228865705,259.4775238880009,274.17539700354047,260.9837632090698
1387419000000,264.5517493541917,255.60931475813948,276.37575228865705,241.95399257600917
1387419600000,261.5482383048585,261.21805108148664,264.5517493541917,239.9750485195744
1387420200000,240.89754519785697,264.9335606372407,261.5482383048585,237.3149590022701
1387420800000,268.1119157821419,250.22924933756644,240.89754519785697,247.6427332957072
1387421400000,257.81542360240303,265.0874542743447,268.1119157821419,219.3991873356529
1387422000000,332.9769752231634,262.7416397278913,257.81542360240303,258.7413288753189
1387422600000,326.5220714367158,306.1267345157659,332.9769752231634,217.8373803933752
1387423200000,238.47893044646648,327.7996674335725,326.5220714367158,233.2675153673548
1387423800000,223.33774671181217,255.35171792205242,238.47893044646648,234.93833985222832
1387424400000,229.53265226297785,237.39963636024967,223.33774671181217,206.07232609588635
1387425000000,229.25528700037967,243.70517290049006,229.53265226297785,215.07285784095316
1387425600000,231.1129555539891,234.40280658885013,229.25528700037967,204.97272018412133
1387426200000,247.02547539908775,226.15024612710923,231.1129555539891,213.79724165136167
1387426800000,249.42211149504936,246.31029130656609,247.02547539908775,201.24495497685967
1387427400000,216.9626040402641,259.90429304412163,249.42211149504936,217.47639457358224
1387428000000,238.0588627058573,238.53357266819378,216.9626040402641,206.1239795752998
1387428600000,216.9820563254752,241.22418500962928,238.0588627058573,201.40818922506023
1387429200000,230.17104344646887,223.53061360696935,216.9820563254752,226.19367592775373
1387429800000,260.16978338928243,234.17546563427405,230.17104344646887,231.6018129300334
1387430400000,269.3240486637175,251.44731310577413,260.16978338928243,203.22811614051164
1387431000000,283.6801448511464,273.7401467815459,269.3240486637175,251.8799245051761
1387431600000,264.8606308469094,294.85033852332657,283.6801448511464,216.6011499876289
1387432200000,240.79699548042723,296.2204445370949,264.8606308469094,223.54569694678517
1387432800000,305.15690559835156,271.29710229195064,240.79699548042723,266.7047051229702
1387433400000,315.9095901318051,322.5696501204463,305.15690559835156,240.15982031088097
1387434000000,324.02412694729463,328.8011859722592,315.9095901318051,260.1102364807504
1387434600000,379.5668573468539,350.2021283511032,324.02412694729463,351.57884425838927
1387435200000,384.2071036894112,388.5887537091586,379.5668573468539,359.3256886327395
1387435800000,430.3638483545526,415.88394542525106,384.2071036894112,390.9544604925573
1387436400000,429.9595934332267,446.30661263677916,430.3638483545526,344.85855246183945
1387437000000,451.92217036210377,455.8255888403312,429.9595934332267,385.59510916025835
1387437600000,479.653520097973,464.57864638291676,451.92217036210377,406.3650694693789
1387438200000,497.9538169380982,492.78468369507993,479.653520097973,429.384501277769
1387438800000,500.0894858818347,502.5451622483094,497.9538169380982,422.7293466701459
1387439400000,525.4954884067608,520.3201358299548,500.0894858818347,437.6134400800509
1387440000000,498.7365146441874,534.4891941562726,525.4954884067608,447.9749588807961
1387440600000,501.357980298803,520.981280879539,498.7365146441874,375.1729173746905
1387441200000,521.4435967933339,525.2141929147698,501.357980298803,416.1837017134689
1387441800000,509.71110135496934,520.8700145017308,521.4435967933339,449.790020581036
1387442400000,458.5332506007366,512.3195210117228,509.71110135496934,450.2894213048024
1387443000000,530.7793629529968,492.86287859145926,458.5332506007366,451.98959006948814
1387443600000,518.1639972268285,501.3916695478455,530.7793629529968,415.0632193471728
1387444200000,501.4351044756796,499.6168933449926,518.1639972268285,471.6131193465531
1387444800000,478.9763110365871,519.6424733263876,501.4351044756796,475.0469575313576
1387445400000,512.3673877567448,501.67590362691914,478.9763110365871,438.1190933324905
1387446000000,562.8595713596494,503.64623735849045,512.3673877567448,452.3561564343367
1387446600000,514.119861353965,512.9385279636533,562.8595713596494,447.59966669885233
1387447200000,495.38753690603033,516.7043359175636,514.119861353965,432.17351912038384
1387447800000,530.4421332181598,525.3711508739259,495.38753690603033,473.3685701616529
1387448400000,566.3543296261632,542.3019717038776,530.4421332181598,480.7771291916956
1387449000000,532.3127912873939,541.4491057797277,566.3543296261632,429.60591250645086
1387449600000,546.5252659163077,550.2713446016029,532.3127912873939,490.2912910656063
1387450200000,560.937941529843,547.6396586737235,546.5252659163077,475.7479595336726
1387450800000,565.3531047265323,566.6306810165373,560.937941529843,512.2917700371157
1387451400000,562.9656116844808,577.7650882165225,565.3531047265323,480.24310057650183
1387452000000,588.6607963199116,577.2665798546468,562.9656116844808,453.3818365229453
1387452600000,624.6104439230008,584.1220080012775,588.6607963199116,417.3549043387354
1387453200000,624.3233579653183,599.9366196126981,624.6104439230008,485.6223756719809
1387453800000,543.0563056463027,609.0682891863266,624.3233579653183,447.5009085511185
1387454400000,579.992006947522,578.4839751714492,543.0563056463027,509.5892470513815
1387455000000,627.6903941851278,586.5865399141358,579.992006947522,497.132274233595
1387455600000,642.1159151355206,600.8364665728232,627.6903941851278,496.7346359959613
1387456200000,580.0918717008689,619.2524507800518,642.1159151355206,495.92696827662496
1387456800000,592.5677928746392,594.401418171511,580.0918717008689,526.5098826973248
1387457400000,632.7699037211646,590.6521272481133,592.5677928746392,486.7626506031144
1387458000000,652.0191368538634,607.0079808848609,632.7699037211646,516.838468131377
1387458600000,709.7509042890802,621.1330265480773,652.0191368538634,494.90015886648376
1387459200000,638.8496757300276,643.5966531904473,709.7509042890802,510.1653048786555
1387459800000,581.7326636968357,615.7958598883528,638.8496757300276,531.8371964850222
1387460400000,579.0537234110025,607.8168883977635,581.7326636968357,503.310313441545
1387461000000,531.8092731294032,600.6580420297769,579.0537234110025,459.23642130834736
1387461600000,510.3120911800439,547.2788509187098,531.8092731294032,497.27670430457874
1387462200000,537.1908968053299,536.0527318203027,510.3120911800439,542.5419265767679
1387462800000,488.2287633078351,532.3867519460159,537.1908968053299,434.0030670579266
1387463400000,507.1159886222326,514.6735684530988,488.2287633078351,491.4044316829118
1387464000000,568.2799294661852,510.08479703478446,507.1159886222326,532.7048380850446
1387464600000,557.6498101615637,534.6778557967516,568.2799294661852,473.793334137249
1387465200000,490.93957424358325,534.1055196189611,557.6498101615637,482.9632886824664
1387465800000,493.11266726165593,508.0337934513469,490.93957424358325,465.23320788765983
1387466400000,479.8437488859495,511.0586530557233,493.11266726165593,458.56826860834417
1387467000000,535.0470776002493,508.22696002181374,479.8437488859495,521.3161056179239
1387467600000,506.7423644613686,527.5492329042044,535.0470776002493,495.1496506100171
1387468200000,498.591372488486,520.4247298788491,506.7423644613686,604.3989402975321
1387468800000,469.36569624908975,534.7153959259861,498.591372488486,524.9424020272515
1387469400000,529.801165828012,518.9612658596855,469.36569624908975,590.0272881231607
1387470000000,517.6651708991096,543.761033305429,529.801165828012,544.0445280497286
1387470600000,527.8017637133345,523.1952226073311,517.6651708991096,558.8424506568282
1387471200000,547.3710665495711,533.0123721956953,527.8017637133345,577.9956926186444
1387471800000,538.0578805619039,565.5161566527205,547.3710665495711,635.329259241057
1387472400000,511.2950668278279,569.5323869400777,538.0578805619039,690.9079169932741
1387473000000,551.7418908950876,554.6054115238728,511.2950668278279,592.6084153026952
1387473600000,513.5182829927892,561.427661883552,551.7418908950876,578.6259194006225
1387474200000,534.7624908920349,551.7299262117833,513.5182829927892,624.7504997275349
1387474800000,633.9006953187617,578.1788918014587,534.7624908920349,612.874241796974
1387475400000,573.5047318270589,622.3552718110712,633.9006953187617,629.817029483286
1387476000000,568.2207131019406,606.8704392245198,573.5047318270589,615.9168449417231
1387476600000,569.0922185489732,625.1965012183957,568.2207131019406,625.1919814628643
1387477200000,579.7164928263976,625.4937573978501,569.0922185489732,685.1199628734653
1387477800000,602.3819836305448,613.0408679789855,579.7164928263976,711.7585336222902
1387478400000,595.5184376757408,627.0779465364286,602.3819836305448,670.035445257445
1387479000000,595.7493820743979,624.0238278429771,595.5184376757408,662.9190953922255
1387479600000,589.6145014000608,638.425796564144,595.7493820743979,689.252942183657
1387480200000,609.2769992241559,644.4816812706663,589.6145014000608,650.3041241869527
1387480800000,639.2316008213711,655.7712199577985,609.2769992241559,724.940389235322
1387481400000,610.7987115431126,642.2373858097744,639.2316008213711,740.3118194240849
1387482000000,670.4387746080545,649.0945603895482,610.7987115431126,864.306518730675
1387482600000,664.6453906122105,681.3803038820413,670.4387746080545,889.6766319185051
1387483200000,741.4944747421238,666.9087649408237,664.6453906122105,865.9717800557885
1387483800000,710.9492521230279,696.1240294906589,741.4944747421238,832.2453952090876
1387484400000,683.6266822440697,703.7842979375421,710.9492521230279,826.2527759004385
1387485000000,686.1754846809013,711.0665568931175,683.6266822440697,908.8113038196408
1387485600000,733.0298227537244,704.5984735725028,686.1754846809013,907.1065602829314
1387486200000,754.2598988353473,716.3972048032849,733.0298227537244,926.0198480759047
1387486800000,729.4788860722117,733.5066887675982,754.2598988353473,952.9996575114088
1387487400000,714.3482294595724,746.5280956669383,729.4788860722117,865.1980649991352
1387488000000,786.9618499731048,734.8712282693868,714.3482294595724,819.5645119130362
1387488600000,752.4659205855403,740.193600461386,786.9618499731048,836.25780785593
1387489200000,799.0014624551253,735.719615119842,752.4659205855403,828.0269344647736
1387489800000,792.995409273517,756.9267668679671,799.0014624551253,826.9651904944257
1387490400000,771.8872340869092,752.8466894859193,792.995409273517,795.3643658657347
1387491000000,738.5890206508491,762.2824205111646,771.8872340869092,769.98233615689
1387491600000,702.439760599355,744.368003766999,738.5890206508491,825.0037467491468
1387492200000,689.7746293912203,714.9099144079488,702.439760599355,779.4574330559043
1387492800000,613.1351862332795,706.9194772610933,689.7746293912203,757.7577784985081
1387493400000,621.9645263244192,642.548638381717,613.1351862332795,644.847211250031
1387494000000,598.4746597767714,634.7475167800467,621.9645263244192,652.7716687870911
1387494600000,500.7620160935295,589.7210920811538,598.4746597767714,605.0360417551316
1387495200000,486.4684699934432,510.73444823006514,500.7620160935295,589.0569508163323
1387495800000,498.4484488745194,495.2571910780379,486.4684699934432,588.6150506847148
1387496400000,470.8430935923818,497.1382682104569,498.4484488745194,471.39311930672574
1387497000000,485.2161059594651,467.059559542394,470.8430935923818,505.7888663771212
1387497600000,452.23605475870295,440.259116671135,485.2161059594651,453.7603367939481
1387498200000,415.0505680256363,445.91986308542414,452.23605475870295,475.9089991155312
1387498800000,369.30106848005073,407.9257072620865,415.0505680256363,378.7632463302603
1387499400000,425.91661075728854,374.170749361551,369.30106848005073,384.6749286111653
1387500000000,347.88889440123256,394.43614963668307,425.91661075728854,332.8644883544529
1387500600000,325.6601772764357,339.9355543476742,347.88889440123256,338.1401085615215
1387501200000,345.0483976237326,323.2946682432326,325.6601772764357,318.74048976260644
1387501800000,313.86018841874017,327.6582475535422,345.0483976237326,308.44058898823425
1387502400000,293.0315873011263,308.81812327515496,313.86018841874017,300.5559810630314
1387503000000,302.24741103004146,291.92450970255453,293.0315873011263,270.9312934128242
1387503600000,316.8324542103486,291.92749430488277,302.24741103004146,275.24824573719246
1387504200000,286.87125864524535,304.3022265492158,316.8324542103486,274.17539700354047
1387504800000,282.21875434245857,292.25519028205565,286.87125864524535,276.37575228865705
1387505400000,310.2024624717053,276.0783591779688,282.21875434245857,264.5517493541917
1387506000000,277.6964247446473,300.9913323294934,310.2024624717053,261.5482383048585
1387506600000,263.80006278940624,292.84664466194465,277.6964247446473,240.89754519785697
1387507200000,257.2112451590623,273.0877634424824,263.80006278940624,268.1119157821419
1387507800000,232.7358527179046,255.30732069388284,257.2112451590623,257.81542360240303
1387508400000,240.00196610216176,250.31422948792414,232.7358527179046,332.9769752231634
1387509000000,245.83524746087903,250.1902710032848,240.00196610216176,326.5220714367158
1387509600000,208.02034570354488,251.8601602950465,245.83524746087903,238.47893044646648
1387510200000,221.95059958998775,230.11644937175777,208.02034570354488,223.33774671181217
1387510800000,224.57704102785036,240.26042739455318,221.95059958998775,229.53265226297785
1387511400000,202.5326914381257,227.56576359064027,224.57704102785036,229.25528700037967
1387512000000,216.11394649261055,213.69183202497874,202.5326914381257,231.1129555539891
1387512600000,221.96820073372513,220.44704538100777,216.11394649261055,247.02547539908775
1387513200000,197.6800934735111,226.98656707054764,221.96820073372513,249.42211149504936
1387513800000,233.8510146166122,216.5096947613529,197.6800934735111,216.9626040402641
1387514400000,234.02650682504216,239.85492038977503,233.8510146166122,238.0588627058573
1387515000000,239.36119921758836,233.4109594064478,234.02650682504216,216.9820563254752
1387515600000,232.7791218194377,251.96503909185594,239.36119921758836,230.17104344646887
1387516200000,233.6761478003723,257.78769344419356,232.7791218194377,260.16978338928243
1387516800000,232.82941510613932,251.79360995857542,233.6761478003723,269.3240486637175
1387517400000,247.81062576333272,262.90925671990885,232.82941510613932,283.6801448511464
1387518000000,250.6559520596593,273.64871093789327,247.81062576333272,264.8606308469094
1387518600000,249.6260917198069,279.5142818326085,250.6559520596593,240.79699548042723
1387519200000,248.4228948962397,287.5275733482249,249.6260917198069,305.15690559835156
1387519800000,279.7076935437853,284.38689178344674,248.4228948962397,315.9095901318051
1387520400000,264.86901522478973,313.86430594002553,279.7076935437853,324.02412694729463
1387521000000,345.61650129052185,311.4287304957858,264.86901522478973,379.5668573468539
1387521600000,368.8654078965256,356.97510762902283,345.61650129052185,384.2071036894112
1387522200000,343.5065241800889,392.26492495585177,368.8654078965256,430.3638483545526
1387522800000,423.9424225077336,390.5106936442002,343.5065241800889,429.9595934332267
1387523400000,392.7308744546004,446.7626014933293,423.9424225077336,451.92217036210377
1387524000000,451.9089337494773,433.1544469948836,392.7308744546004,479.653520097973
1387524600000,445.9422631064723,484.0070859101218,451.9089337494773,497.9538169380982
1387525200000,450.4209063659356,478.66470191872816,445.9422631064723,500.0894858818347
1387525800000,431.8521098545155,477.28519088131645,450.4209063659356,525.4954884067608
1387526400000,455.8377485550443,479.19694322853894,431.8521098545155,498.7365146441874
1387527000000,446.13499230350544,493.40890410314,455.8377485550443,501.357980298803
1387527600000,445.12996428834555,482.98901528324177,446.13499230350544,521.4435967933339
1387528200000,504.8180012656729,477.0909094177401,445.12996428834555,509.71110135496934
1387528800000,433.45779715046245,491.32992124095364,504.8180012656729,458.5332506007366
1387529400000,475.46234433662227,480.59964285358745,433.45779715046245,530.7793629529968
1387530000000,419.2834716610677,504.2550193549328,475.46234433662227,518.1639972268285
1387530600000,457.8841860308103,462.73510511443686,419.2834716610677,501.4351044756796
1387531200000,382.40358137458617,480.4540541185789,457.8841860308103,478.9763110365871
1387531800000,399.4451381036744,430.9845521387463,382.40358137458617,512.3673877567448
1387532400000,451.720756608664,432.0904704401002,399.4451381036744,562.8595713596494
1387533000000,467.1351751912268,456.4679427925934,451.720756608664,514.119861353965
1387533600000,463.4460468271194,478.1962875950964,467.1351751912268,495.38753690603033
1387534200000,487.61784138717456,488.6623554208694,463.4460468271194,530.4421332181598
1387534800000,447.8302448568371,499.029343271635,487.61784138717456,566.3543296261632
1387535400000,521.8112155225263,498.7775448141125,447.8302448568371,532.3127912873939
1387536000000,477.8384247870015,532.973019721745,521.8112155225263,546.5252659163077
1387536600000,482.3240055391057,520.8503876776265,477.8384247870015,560.937941529843
1387537200000,473.196951535572,519.5314106294377,482.3240055391057,565.3531047265323
1387537800000,509.32489842504253,521.9678446324958,473.196951535572,562.9656116844808
1387538400000,485.3472994179376,539.4361006650328,509.32489842504253,588.6607963199116
1387539000000,527.3755159965257,534.7593248695978,485.3472994179376,624.6104439230008
1387539600000,524.2473208497339,556.9667635551194,527.3755159965257,624.3233579653183
1387540200000,573.3175929104203,549.1381213258081,524.2473208497339,543.0563056463027
1387540800000,531.7174881706954,570.1361806904191,573.3175929104203,579.992006947522
1387541400000,510.33715762115753,566.702660442424,531.7174881706954,627.6903941851278
1387542000000,551.6787381314745,556.0227579019192,510.33715762115753,642.1159151355206
1387542600000,583.7198317266765,568.8427853726854,551.6787381314745,580.0918717008689
1387543200000,564.1134256250526,569.5994532324138,583.7198317266765,592.5677928746392
1387543800000,546.2261658501558,561.3185967332985,564.1134256250526,632.7699037211646
1387544400000,549.2161324584945,567.1411953759126,546.2261658501558,652.0191368538634
1387545000000,540.6408556377855,557.6757929885848,549.2161324584945,709.7509042890802
1387545600000,575.3439028723463,562.6198633587328,540.6408556377855,638.8496757300276
1387546200000,540.9245232654958,557.3191493017897,575.3439028723463,581.7326636968357
1387546800000,537.3260136827056,537.4810854507833,540.9245232654958,579.0537234110025
1387547400000,515.51966953278,532.5663791879241,537.3260136827056,531.8092731294032
1387548000000,525.7843052026581,539.0310392379802,515.51966953278,510.3120911800439
1387548600000,513.367659965025,525.8281071473609,525.7843052026581,537.1908968053299
1387549200000,549.3927171323685,512.6054451851712,513.367659965025,488.2287633078351
1387549800000,473.44339234939406,524.2510278318314,549.3927171323685,507.1159886222326
1387550400000,433.7922956049484,501.7359967958052,473.44339234939406,568.2799294661852
1387551000000,461.2684288734615,461.3576032221359,433.7922956049484,557.6498101615637
1387551600000,513.624653861908,477.5837765449703,461.2684288734615,490.93957424358325
1387552200000,451.7724599246315,489.8693953017273,513.624653861908,493.11266726165593
1387552800000,508.8336240872274,471.5583543185524,451.7724599246315,479.8437488859495
1387553400000,480.7977845102709,492.6282426937948,508.8336240872274,535.0470776002493
1387554000000,501.9653927923639,487.9108116060656,480.7977845102709,506.7423644613686
1387554600000,435.6639865677336,506.11311694397523,501.9653927923639,498.591372488486
1387555200000,447.6308155287108,480.7375758926848,435.6639865677336,469.36569624908975
1387555800000,515.0218262621732,480.87955667861314,447.6308155287108,529.801165828012
1387556400000,492.5955049896778,510.62864255398233,515.0218262621732,517.6651708991096
1387557000000,501.45155566761827,495.7454895878376,492.5955049896778,527.8017637133345
1387557600000,532.5606052743934,523.1327061040197,501.45155566761827,547.3710665495711
1387558200000,506.7201516896337,539.989366279795,532.5606052743934,538.0578805619039
1387558800000,589.6404771862244,541.0756089955419,506.7201516896337,511.2950668278279
1387559400000,545.7430927698272,576.8716144619202,589.6404771862244,551.7418908950876
1387560000000,579.629744382303,568.3252689783233,545.7430927698272,513.5182829927892
1387560600000,599.2399633349097,595.240527005594,579.629744382303,534.7624908920349
1387561200000,575.9690412175037,606.7466652811682,599.2399633349097,633.9006953187617
1387561800000,605.7544140298895,610.2223828923084,575.9690412175037,573.5047318270589
1387562400000,544.2187738786087,616.0521578271918,605.7544140298895,568.2207131019406
1387563000000,547.8130023775736,596.6933489213333,544.2187738786087,569.0922185489732
1387563600000,623.6046940877847,593.4893977938334,547.8130023775736,579.7164928263976
1387564200000,602.6017268380315,638.7046124532632,623.6046940877847,602.3819836305448
1387564800000,585.9601244757663,617.1491273125798,602.6017268380315,595.5184376757408
1387565400000,601.7762282632515,621.1261324713718,585.9601244757663,595.7493820743979
1387566000000,616.2130880934849,624.2069648049995,601.7762282632515,589.6145014000608
1387566600000,656.1556450620628,636.9518461806431,616.2130880934849,609.2769992241559
1387567200000,585.6776501460813,672.7599083677269,656.1556450620628,639.2316008213711
1387567800000,668.0420149635921,627.2499272151731,585.6776501460813,610.7987115431126
1387568400000,645.9066293557355,668.074190437461,668.0420149635921,670.4387746080545
1387569000000,612.0092869715287,664.1151578744123,645.9066293557355,664.6453906122105
1387569600000,611.9736403267194,643.6518307642533,612.0092869715287,741.4944747421238
1387570200000,666.2444568196348,633.2411593239118,611.9736403267194,710.9492521230279
1387570800000,603.0574683440841,666.838963381391,666.2444568196348,683.6266822440697
1387571400000,636.557268918639,653.8485869659103,603.0574683440841,686.1754846809013
1387572000000,671.0881599869296,653.6409462105091,636.557268918639,733.0298227537244
1387572600000,666.5892158285712,659.0864185776278,671.0881599869296,754.2598988353473
1387573200000,709.8803733997063,676.6946645514106,666.5892158285712,729.4788860722117
1387573800000,715.4753078792946,667.6077827624993,709.8803733997063,714.3482294595724
1387574400000,739.1866192664711,690.8237137173073,715.4753078792946,786.9618499731048
1387575000000,670.7891336327243,687.8998379554359,739.1866192664711,752.4659205855403
1387575600000,755.854261391623,679.065255725925,670.7891336327243,799.0014624551253
1387576200000,779.4364135821946,704.1324863366914,755.854261391623,792.995409273517
1387576800000,685.163626495894,704.2936142047532,779.4364135821946,771.8872340869092
1387577400000,699.3525184249069,691.1589663663469,685.163626495894,738.5890206508491
1387578000000,679.3059040882531,700.5602390622283,699.3525184249069,702.439760599355
1387578600000,685.3203546283224,689.0001999714318,679.3059040882531,689.7746293912203
1387579200000,708.2720491656214,675.5548307178,685.3203546283224,613.1351862332795
1387579800000,670.5158619288427,661.4918062456995,708.2720491656214,621.9645263244192
1387580400000,655.5159208064945,657.0723652247411,670.5158619288427,598.4746597767714
1387581000000,583.1737836723897,644.1595813518436,655.5159208064945,500.7620160935295
1387581600000,565.4198730806805,595.9048036461446,583.1737836723897,486.4684699934432
1387582200000,531.1131634629344,572.2989528994061,565.4198730806805,498.4484488745194
1387582800000,621.7985684456683,538.8350896752452,531.1131634629344,470.8430935923818
1387583400000,533.7310232624687,565.1403233589983,621.7985684456683,485.2161059594651
1387584000000,539.0512760090244,525.016035507647,533.7310232624687,452.23605475870295
1387584600000,560.4335780034103,523.9681575703037,539.0512760090244,415.0505680256363
1387585200000,483.8452269093007,524.9006304631271,560.4335780034103,369.30106848005073
1387585800000,450.96312534368855,488.72277417339984,483.8452269093007,425.91661075728854
1387586400000,476.75726538741594,457.5740867809139,450.96312534368855,347.88889440123256
1387587000000,380.7913207411326,458.6773932560683,476.75726538741594,325.6601772764357
1387587600000,398.9673713508803,386.81823867555033,380.7913207411326,345.0483976237326
1387588200000,396.5205286606296,390.86531198656144,398.9673713508803,313.86018841874017
1387588800000,355.01078471029257,386.5437086685642,396.5205286606296,293.0315873011263
1387589400000,395.7000621958629,349.4136358150289,355.01078471029257,302.24741103004146
1387590000000,314.64345078553794,370.5869640513317,395.7000621958629,316.8324542103486
1387590600000,334.30434132003467,324.80378727998374,314.64345078553794,286.87125864524535
1387591200000,316.8868410557664,326.15816498183887,334.30434132003467,282.21875434245857
1387591800000,330.4270824064263,317.7446483343995,316.8868410557664,310.2024624717053
1387592400000,310.0777285376926,310.3013175596245,330.4270824064263,277.6964247446473
1387593000000,286.2752673193373,302.8489311019321,310.0777285376926,263.80006278940624
1387593600000,274.7779811377481,280.1319300695814,286.2752673193373,257.2112451590623
1387594200000,235.90214392264997,267.3480332846597,274.7779811377481,232.7358527179046
1387594800000,259.1074877388065,249.90310904105817,235.90214392264997,240.00196610216176
1387595400000,255.0004105028317,255.76763683624915,259.1074877388065,245.83524746087903
1387596000000,241.2363085104609,248.57654852239347,255.0004105028317,208.02034570354488
1387596600000,237.46098338250212,240.0838987185145,241.2363085104609,221.95059958998775
1387597200000,235.6094567895304,241.0118149388223,237.46098338250212,224.57704102785036
1387597800000,215.051394009794,248.12402130369057,235.6094567895304,202.5326914381257
1387598400000,211.82297968985992,226.5698209049356,215.051394009794,216.11394649261055
1387599000000,200.58991858610875,226.67389464499908,211.82297968985992,221.96820073372513
1387599600000,205.18109855083665,205.89588067183263,200.58991858610875,197.6800934735111
1387600200000,224.75906647268695,210.7913766804143,205.18109855083665,233.8510146166122
1387600800000,198.0248014863051,235.2734621864931,224.75906647268695,234.02650682504216
1387601400000,207.31095932334952,208.42358898477923,198.0248014863051,239.36119921758836
1387602000000,197.57381903225857,221.21857784599356,207.31095932334952,232.7791218194377
1387602600000,188.43676362579205,212.96137415463406,197.57381903225857,233.6761478003723
1387603200000,206.90225317838517,211.3607519680772,188.43676362579205,232.82941510613932
1387603800000,217.87475463127225,223.36880019071427,206.90225317838517,247.81062576333272
1387604400000,222.21805987751935,230.55073901390165,217.87475463127225,250.6559520596593
1387605000000,209.12804230487623,240.87061343586896,222.21805987751935,249.6260917198069
1387605600000,209.6336457207618,244.6444912794856,209.12804230487623,248.4228948962397
1387606200000,196.4878539893543,244.04648370293953,209.6336457207618,279.7076935437853
1387606800000,206.68732859479775,232.84193800424688,196.4878539893543,264.86901522478973
1387607400000,240.17457752069365,244.37914683210244,206.68732859479775,345.61650129052185
1387608000000,216.7766053400855,265.83157138666047,240.17457752069365,368.8654078965256
1387608600000,236.8233172641941,255.39519664867925,216.7766053400855,343.5065241800889
1387609200000,240.64893567885437,272.73456451761206,236.8233172641941,423.9424225077336
1387609800000,226.31318698163275,283.7317565711884,240.64893567885437,392.7308744546004
1387610400000,227.6515245579684,270.90491519208194,226.31318698163275,451.9089337494773
1387611000000,241.93129210063907,268.7389917515719,227.6515245579684,445.9422631064723
1387611600000,290.6716133583443,281.6571908433149,241.93129210063907,450.4209063659356
1387612200000,289.82451326385046,319.5121532905953,290.6716133583443,431.8521098545155
1387612800000,305.0377988008221,325.3725517465165,289.82451326385046,455.8377485550443
1387613400000,334.53061776392803,342.5148572114666,305.0377988008221,446.13499230350544
1387614000000,321.3128380433653,370.7730303310667,334.53061776392803,445.12996428834555
1387614600000,327.65336696365523,363.1088356629942,321.3128380433653,504.8180012656729
1387615200000,357.2324434220939,360.627987782747,327.65336696365523,433.45779715046245
1387615800000,349.7684549177435,383.80321177841716,357.2324434220939,475.46234433662227
1387616400000,432.6394657800296,381.38692987807065,349.7684549177435,419.2834716610677
1387617000000,400.4000061159725,441.87754294372587,432.6394657800296,457.8841860308103
1387617600000,379.10121411086106,436.0662391787166,400.4000061159725,382.40358137458617
1387618200000,360.82009209334007,419.2500788569548,379.10121411086106,399.4451381036744
1387618800000,396.955380731686,410.4170769566213,360.82009209334007,451.720756608664
1387619400000,411.3478085280069,425.052398019894,396.955380731686,467.1351751912268
1387620000000,425.8852083402161,440.23985450273835,411.3478085280069,463.4460468271194
1387620600000,486.8889290098213,451.24745962195436,425.8852083402161,487.61784138717456
1387621200000,403.4474246396096,475.2738167051338,486.8889290098213,447.8302448568371
1387621800000,434.7079653585103,457.09638093843773,403.4474246396096,521.8112155225263
1387622400000,496.8053873407905,472.2896876180318,434.7079653585103,477.8384247870015
1387623000000,469.9587699291262,488.3634565699165,496.8053873407905,482.3240055391057
1387623600000,493.6995621250813,495.19114602775903,469.9587699291262,473.196951535572
1387624200000,472.544000402716,519.7474117802326,493.6995621250813,509.32489842504253
1387624800000,470.2606130966214,509.7259957945617,472.544000402716,485.3472994179376
1387625400000,462.4652269040503,511.874405516055,470.2606130966214,527.3755159965257
1387626000000,495.4794778644975,512.9766709958471,462.4652269040503,524.2473208497339
1387626600000,481.007596781645,526.3074979603227,495.4794778644975,573.3175929104203
1387627200000,494.5915114901874,507.584464838896,481.007596781645,531.7174881706954
1387627800000,460.1914736006278,524.6596305392596,494.5915114901874,510.33715762115753
1387628400000,492.8454605613384,499.535944578411,460.1914736006278,551.6787381314745
1387629000000,517.2655102206007,530.8010689292583,492.8454605613384,583.7198317266765
1387629600000,510.8917775783185,532.0067402315871,517.2655102206007,564.1134256250526
1387630200000,491.3080849326454,522.7035899791364,510.8917775783185,546.2261658501558
1387630800000,554.4702151224573,531.7909569419228,491.3080849326454,549.2161324584945
1387631400000,513.0871299595535,542.669146816488,554.4702151224573,540.6408556377855
1387632000000,541.5459581681173,527.3328908772171,513.0871299595535,575.3439028723463
1387632600000,538.386002939331,553.3705765076559,541.5459581681173,540.9245232654958
1387633200000,573.8494864311651,536.7669355088348,538.386002939331,537.3260136827056
1387633800000,562.0523415073942,558.0024538841681,573.8494864311651,515.51966953278
1387634400000,518.0585778894722,560.0220609173368,562.0523415073942,525.7843052026581
1387635000000,543.8411720575725,538.8685582819282,518.0585778894722,513.367659965025
1387635600000,494.0326841611481,544.3968039335643,543.8411720575725,549.3927171323685
1387636200000,521.6647467849598,520.2842882413483,494.0326841611481,473.44339234939406
1387636800000,530.516336503923,528.4506378410206,521.6647467849598,433.7922956049484
1387637400000,481.21141660192825,521.4116221103072,530.516336503923,461.2684288734615
1387638000000,566.4385018636012,505.38179814794876,481.21141660192825,513.624653861908
1387638600000,518.3869712392938,538.1998982716823,566.4385018636012,451.7724599246315
1387639200000,566.5867816415413,516.8467290441644,518.3869712392938,508.8336240872274
1387639800000,538.071999399061,542.8376056161507,566.5867816415413,480.7977845102709
1387640400000,552.9095982330782,526.866776315565,538.071999399061,501.9653927923639
1387641000000,486.68672621459046,553.9254679697497,552.9095982330782,435.6639865677336
1387641600000,472.9230783150081,527.3488279601959,486.68672621459046,447.6308155287108
1387642200000,482.5611157739086,511.46551300739094,472.9230783150081,515.0218262621732
1387642800000,454.69644073024466,514.0704541528148,482.5611157739086,492.5955049896778
1387643400000,450.74059777417,493.47032454982474,454.69644073024466,501.45155566761827
1387644000000,446.43917431610953,481.4323072926026,450.74059777417,532.5606052743934
1387644600000,467.4339403083761,478.62660565155875,446.43917431610953,506.7201516896337
1387645200000,480.01878584200256,484.3299650123556,467.4339403083761,589.6404771862244
1387645800000,474.60206720139473,501.72242201143615,480.01878584200256,545.7430927698272
1387646400000,485.17111900029806,497.1737510850617,474.60206720139473,579.629744382303
1387647000000,493.8830203149881,514.0681259888235,485.17111900029806,599.2399633349097
1387647600000,531.396837580857,523.5999564264382,493.8830203149881,575.9690412175037
1387648200000,511.0781306982926,526.435429919419,531.396837580857,605.7544140298895
1387648800000,511.2908128646374,534.9487209082536,511.0781306982926,544.2187738786087
1387649400000,495.1813239994843,551.2385133651258,511.2908128646374,547.8130023775736
1387650000000,516.0240699151863,543.3228378239471,495.1813239994843,623.6046940877847
1387650600000,518.5408056012434,560.4874945978034,516.0240699151863,602.6017268380315
1387651200000,531.5969952192927,558.8357122174543,518.5408056012434,585.9601244757663
1387651800000,532.288165958488,556.4577759352351,531.5969952192927,601.7762282632515
1387652400000,554.8619823718476,562.3669051247477,532.288165958488,616.2130880934849
1387653000000,625.3883728416296,569.6539583468842,554.8619823718476,656.1556450620628
1387653600000,662.8248480399078,610.0467533500524,625.3883728416296,585.6776501460813
1387654200000,598.9941880143779,640.4820707877105,662.8248480399078,668.0420149635921
1387654800000,694.7001712814679,628.9248768724101,598.9941880143779,645.9066293557355
1387655400000,728.11834986408,682.1160705582013,694.7001712814679,612.0092869715287
1387656000000,695.8248804903199,682.9302280684257,728.11834986408,611.9736403267194
1387656600000,682.7148589522226,706.6144102907349,695.8248804903199,666.2444568196348
1387657200000,748.7257738695484,701.7879752547128,682.7148589522226,603.0574683440841
1387657800000,734.8800596208044,757.2293749437672,748.7257738695484,636.557268918639
1387658400000,731.08592058029,743.6380399674841,734.8800596208044,671.0881599869296
1387659000000,719.7430929932522,737.2062285026533,731.08592058029,666.5892158285712
1387659600000,702.1667327473483,754.1438956055568,719.7430929932522,709.8803733997063
1387660200000,807.4338634128835,727.8415660450778,702.1667327473483,715.4753078792946
1387660800000,782.1518458812792,772.1198833103444,807.4338634128835,739.1866192664711
1387661400000,764.5815409034857,786.5365442722399,782.1518458812792,670.7891336327243
1387662000000,783.2017361476319,781.6164072364935,764.5815409034857,755.854261391623
1387662600000,751.5108455773405,783.9323670222657,783.2017361476319,779.4364135821946
1387663200000,771.3253493379464,768.1264213677458,751.5108455773405,685.163626495894
1387663800000,754.5163280715218,771.7284000288357,771.3253493379464,699.3525184249069
1387664400000,754.7123747659456,751.3937985648384,754.5163280715218,679.3059040882531
1387665000000,706.0974399550777,764.6297255349886,754.7123747659456,685.3203546283224
1387665600000,718.1307857684861,739.7296421035152,706.0974399550777,708.2720491656214
1387666200000,770.8405074038411,729.1321123294603,718.1307857684861,670.5158619288427
1387666800000,812.9027633376401,731.3716353335286,770.8405074038411,655.5159208064945
1387667400000,728.8524352851281,741.3474349684994,812.9027633376401,583.1737836723897
1387668000000,728.2083703738416,717.1660310569176,728.8524352851281,565.4198730806805
1387668600000,754.7970010961718,715.9691001635755,728.2083703738416,531.1131634629344
1387669200000,708.3454840400159,694.9105875219531,754.7970010961718,621.7985684456683
1387669800000,783.1176582525222,700.3671038367688,708.3454840400159,533.7310232624687
1387670400000,631.4400643357563,710.3994957159011,783.1176582525222,539.0512760090244
1387671000000,627.8933686368538,645.689276600771,631.4400643357563,560.4335780034103
1387671600000,613.9892238204144,632.2965029828621,627.8933686368538,483.8452269093007
1387672200000,561.1436396122344,607.7098997656964,613.9892238204144,450.96312534368855
1387672800000,526.5412385229699,565.8071380138763,561.1436396122344,476.75726538741594
1387673400000,466.2108403519359,526.0530480806462,526.5412385229699,380.7913207411326
1387674000000,441.10788078285793,473.7297688797679,466.2108403519359,398.9673713508803
1387674600000,428.1591188029863,446.22199029900173,441.10788078285793,396.5205286606296
1387675200000,384.7564302996183,424.7819282130815,428.1591188029863,355.01078471029257
1387675800000,331.9711516760003,378.8597094133878,384.7564302996183,395.7000621958629
1387676400000,361.6846697830704,328.8174389265191,331.9711516760003,314.64345078553794
1387677000000,335.9767232580678,355.5500133537796,361.6846697830704,334.30434132003467
1387677600000,308.4656185733745,331.1618662519948,335.9767232580678,316.8868410557664
1387678200000,340.1883570776613,306.5999612438152,308.4656185733745,330.4270824064263
1387678800000,271.5846119459411,329.24333830935075,340.1883570776613,310.0777285376926
1387679400000,224.85352406591784,274.21818261702265,271.5846119459411,286.2752673193373
1387680000000,228.119997587832,226.3961419829787,224.85352406591784,274.7779811377481
1387680600000,222.2614893835268,218.41172465387203,228.119997587832,235.90214392264997
1387681200000,235.3692685043816,216.32672356779193,222.2614893835268,259.1074877388065
1387681800000,221.2884284461481,222.1358405029778,235.3692685043816,255.0004105028317
1387682400000,215.1214701259942,213.75661100992983,221.2884284461481,241.2363085104609
1387683000000,218.92555099754853,209.5831080997796,215.1214701259942,237.46098338250212
1387683600000,183.11799462044928,215.21218758850617,218.92555099754853,235.6094567895304
1387684200000,175.36095158271837,192.91035301888678,183.11799462044928,215.051394009794
1387684800000,181.11101664047533,181.33383242301989,175.36095158271837,211.82297968985992
1387685400000,171.16031195850883,181.31368797462278,181.11101664047533,200.58991858610875
1387686000000,151.55575699835865,168.29453184338126,171.16031195850883,205.18109855083665
1387686600000,165.88622208396515,159.11125416785328,151.55575699835865,224.75906647268695
1387687200000,144.04295894851944,167.24745305339417,165.88622208396515,198.0248014863051
1387687800000,158.1361165388753,150.66606065979263,144.04295894851944,207.31095932334952
1387688400000,165.77456760323128,155.30586269938252,158.1361165388753,197.57381903225857
1387689000000,147.90744507762852,161.84291028893074,165.77456760323128,188.43676362579205
1387689600000,204.57728750775684,150.92079174968663,147.90744507762852,206.90225317838517
1387690200000,184.18427326172124,201.06452925275195,204.57728750775684,217.87475463127225
1387690800000,159.77870010442302,191.51512624710332,184.18427326172124,222.21805987751935
1387691400000,167.1001931265491,179.79899047917888,159.77870010442302,209.12804230487623
1387692000000,197.44469669162703,184.69292269503055,167.1001931265491,209.6336457207618
1387692600000,190.3838001763384,199.56809451877547,197.44469669162703,196.4878539893543
1387693200000,189.8017846682938,206.04695763941214,190.3838001763384,206.68732859479775
1387693800000,198.611635618249,204.3074342349442,189.8017846682938,240.17457752069365
1387694400000,183.29249403642828,209.63120978359325,198.611635618249,216.7766053400855
1387695000000,217.39138670304112,216.8301565425318,183.29249403642828,236.8233172641941
1387695600000,205.58785596687244,239.7141272578507,217.39138670304112,240.64893567885437
1387696200000,200.26627988357845,233.9727646430199,205.58785596687244,226.31318698163275
1387696800000,220.84233832794777,239.15888852615657,200.26627988357845,227.6515245579684
1387697400000,238.86526666034823,258.3765714212095,220.84233832794777,241.93129210063907
1387698000000,236.31547143106587,273.9286554848111,238.86526666034823,290.6716133583443
1387698600000,214.67894576177488,278.4661672318471,236.31547143106587,289.82451326385046
1387699200000,227.0123378424741,262.86587737188233,214.67894576177488,305.0377988008221
1387699800000,249.03667048627892,271.8278361945249,227.0123378424741,334.53061776392803
1387700400000,241.08608000359231,291.2514264982418,249.03667048627892,321.3128380433653
1387701000000,264.4559445487144,288.6741918810337,241.08608000359231,327.65336696365523
1387701600000,243.80059322228792,299.552216063607,264.4559445487144,357.2324434220939
1387702200000,251.0573164557483,291.79294856896763,243.80059322228792,349.7684549177435
1387702800000,265.1206756736188,295.79510179510373,251.0573164557483,432.6394657800296
1387703400000,242.55681082663796,307.6607261802106,265.1206756736188,400.4000061159725
1387704000000,278.0729296954093,293.2530274098899,242.55681082663796,379.10121411086106
1387704600000,290.3407434749741,312.20694763974524,278.0729296954093,360.82009209334007
1387705200000,271.03954254405124,323.71980994225925,290.3407434749741,396.955380731686
1387705800000,295.2386220869547,314.39622055308445,271.03954254405124,411.3478085280069
1387706400000,317.06074220018996,332.40215815873205,295.2386220869547,425.8852083402161
1387707000000,306.29999085267815,351.6372001774849,317.06074220018996,486.8889290098213
1387707600000,298.1889959156617,349.74725647767815,306.29999085267815,403.4474246396096
1387708200000,340.909132174136,348.0554014027222,298.1889959156617,434.7079653585103
1387708800000,341.30849800474243,361.59477441656765,340.909132174136,496.8053873407905
1387709400000,308.9353813291297,379.59249840147095,341.30849800474243,469.9587699291262
1387710000000,345.65427004931445,362.6115860105262,308.9353813291297,493.6995621250813
1387710600000,325.4699647142817,383.4114226066875,345.65427004931445,472.544000402716
1387711200000,364.09170180297554,378.05653545402777,325.4699647142817,470.2606130966214
1387711800000,423.7244794456933,398.3826754663056,364.09170180297554,462.4652269040503
1387712400000,378.7757741034111,431.93887782978754,423.7244794456933,495.4794778644975
1387713000000,376.7744471353131,426.7876454413017,378.7757741034111,481.007596781645
1387713600000,393.34866989140903,423.90414684234435,376.7744471353131,494.5915114901874
1387714200000,392.21713375783634,447.0034169006864,393.34866989140903,460.1914736006278
1387714800000,396.0073493794475,436.83817028737735,392.21713375783634,492.8454605613384
1387715400000,418.10074263108214,452.40051878252365,396.0073493794475,517.2655102206007
1387716000000,430.2499275811834,458.56230192673644,418.10074263108214,510.8917775783185
1387716600000,448.66132397667275,473.0670433648748,430.2499275811834,491.3080849326454
1387717200000,436.88543588827434,496.21928448692665,448.66132397667275,554.4702151224573
1387717800000,456.639006586475,478.144564458831,436.88543588827434,513.0871299595535
1387718400000,490.6421280584574,494.48340127031287,456.639006586475,541.5459581681173
1387719000000,496.7180742359872,514.4261551580668,490.6421280584574,538.386002939331
1387719600000,470.6765742980488,514.2490934468026,496.7180742359872,573.8494864311651
1387720200000,502.3323005964274,511.28544575800976,470.6765742980488,562.0523415073942
1387720800000,503.95194957006856,525.6549190809244,502.3323005964274,518.0585778894722
1387721400000,471.8835807273571,533.7545847629397,503.95194957006856,543.8411720575725
1387722000000,462.49495156458903,510.07605890728877,471.8835807273571,494.0326841611481
1387722600000,448.4366418419124,501.25003274134684,462.49495156458903,521.6647467849598
1387723200000,413.3935577945634,481.64480605700027,448.4366418419124,530.516336503923
1387723800000,395.7087544021113,453.1812889652177,413.3935577945634,481.21141660192825
1387724400000,447.95505250279655,429.766539436291,395.7087544021113,566.4385018636012
1387725000000,490.19498233078656,445.84797418896903,447.95505250279655,518.3869712392938
1387725600000,403.63058914120234,470.7773759770268,490.19498233078656,566.5867816415413
1387726200000,434.97826957996654,433.4198423760656,403.63058914120234,538.071999399061
1387726800000,433.3194082074199,444.8065452605085,434.97826957996654,552.9095982330782
1387727400000,404.9565484539342,448.0190942578349,433.3194082074199,486.68672621459046
1387728000000,365.885041680012,434.47247290766956,404.9565484539342,472.9230783150081
1387728600000,388.7026522336016,397.4800524374583,365.885041680012,482.5611157739086
1387729200000,330.00327877202284,405.3444521603594,388.7026522336016,454.69644073024466
1387729800000,433.3497983613637,368.39512447514784,330.00327877202284,450.74059777417
1387730400000,366.41322202288194,436.03924409538774,433.3497983613637,446.43917431610953
1387731000000,386.3582310326355,409.55130643450303,366.41322202288194,467.4339403083761
1387731600000,430.78790233108447,409.9007343895691,386.3582310326355,480.01878584200256
1387732200000,386.834797997192,444.10645911666796,430.78790233108447,474.60206720139473
1387732800000,377.1426045641681,437.70342363806117,386.834797997192,485.17111900029806
1387733400000,409.9701989809882,419.39759037349427,377.1426045641681,493.8830203149881
1387734000000,416.04994386933174,444.8051484743964,409.9701989809882,531.396837580857
1387734600000,366.8490430108815,464.70196718476143,416.04994386933174,511.0781306982926
1387735200000,367.74383630991224,426.66108143251233,366.8490430108815,511.2908128646374
1387735800000,437.83571939309434,429.39035501718763,367.74383630991224,495.1813239994843
1387736400000,401.33369425008664,490.71634225686387,437.83571939309434,516.0240699151863
1387737000000,386.5826964361552,464.003463537196,401.33369425008664,518.5408056012434
1387737600000,421.5889579258504,450.6499419195536,386.5826964361552,531.5969952192927
1387738200000,440.9864210000504,476.8393050633016,421.5889579258504,532.288165958488
1387738800000,475.643646801814,503.24897135405433,440.9864210000504,554.8619823718476
1387739400000,512.359374024252,536.6298452271069,475.643646801814,625.3883728416296
1387740000000,421.94525191537144,550.6960172432462,512.359374024252,662.8248480399078
1387740600000,491.2141324282302,494.8845219349027,421.94525191537144,598.9941880143779
1387741200000,446.70534163266393,560.5092450380935,491.2141324282302,694.7001712814679
1387741800000,440.4012310137936,514.6972697332499,446.70534163266393,728.11834986408
1387742400000,440.1739617774491,506.4917308917233,440.4012310137936,695.8248804903199
1387743000000,453.7431800076602,508.75078215098426,440.1739617774491,682.7148589522226
1387743600000,423.34366420497435,513.7312628934023,453.7431800076602,748.7257738695484
1387744200000,448.8553396544708,492.02606014003294,423.34366420497435,734.8800596208044
1387744800000,453.43980210280967,516.7051779113067,448.8553396544708,731.08592058029
1387745400000,523.771235098485,508.01881592727256,453.43980210280967,719.7430929932522
1387746000000,529.1693338418585,546.8803182741442,523.771235098485,702.1667327473483
1387746600000,480.949644182246,543.9541763330084,529.1693338418585,807.4338634128835
1387747200000,512.8105504936196,533.1079121570995,480.949644182246,782.1518458812792
1387747800000,538.3321807546216,554.4423101371743,512.8105504936196,764.5815409034857
1387748400000,548.037942504148,547.657205359419,538.3321807546216,783.2017361476319
1387749000000,482.88812621509896,570.65696868823,548.037942504148,751.5108455773405
1387749600000,442.5539494210242,528.9061468449818,482.88812621509896,771.3253493379464
1387750200000,465.7946689095954,505.432077472782,442.5539494210242,754.5163280715218
1387750800000,479.46881112368607,521.875143763111,465.7946689095954,754.7123747659456
1387751400000,481.34854178001007,509.93551453860306,479.46881112368607,706.0974399550777
1387752000000,421.57607573301937,512.3890138106497,481.34854178001007,718.1307857684861
1387752600000,407.660027376146,461.99784010679866,421.57607573301937,770.8405074038411
